GA/Results/Results/categorical.continuous.feature.asc
NCOLS 50 
NROWS 50 
XLLCORNER 0 
YLLCORNER 0 
CELLSIZE 0.5 
NODATA_value -9999 
[rows 0 to 19 of 50, columns 0 to 45 of 50]
20.585479552543301 7.60400244358589 6.35670302548592 11.8467784084217 64.0460291661742 9.82912462919636 4.11473994211553 3.63712977492964 60.7987090890405 59.1310164195702 6.17220351146384 6.78497093213772 59.8442306759412 4.40581453503626 5.2451037696457 3.17692544236198 5.1739912913201 5.77602769226628 5.90937702326286 66.8374402435308 61.1105111680346 136.668276217461 138.66342718415 142.956679857281 60.5916236517981 59.8705644011905 62.2732485285238 29.9977829853513 22.9440114382269 28.3033068518023 25.7166024802954 22.2027047033974 61.1274128035133 65.018573767138 64.795513889099 26.7457536275937 64.0783545803263 62.8888128155441 62.6361408439796 23.9058460793328 59.4108038334313 61.085207249808 58.2011912438264 61.567793961867 59.7589729722228 26.9196823619268
11.7092763684678 9.49280433085743 9.21670909356582 66.1018007010046 63.9717856235536 9.6482926226948 60.5309094255748 57.9791772717797 59.0010786043057 57.2167372559483 58.6169143203688 3.94236786185453 61.5056609052746 14.1215533917027 7.19062564337775 60.3973169094471 5.97552983227629 12.1321027333482 8.49590840188312 4.72944155632328 4.8804367543506 133.99876866138 137.643747567634 135.88754260295 63.3785667681998 62.147842680844 73.3750265097257 29.688312355509 29.5822361845996 67.3292904428362 68.7487574780702 29.7835071588482 26.3262022720914 29.2257886642595 33.2194782120716 70.1334445245305 66.7232151722437 63.0015789887677 60.9204828811609 61.898676298547 60.1277034100661 18.1365670114531 58.495123042362 61.2590431875731 5.50695068493865 68.0905400768782
12.3028243841535 10.1306714359592 8.45230790064451 62.2827832157746 13.0615761262805 60.4446038401787 19.0890558418007 19.824884449304 57.3525782123577 56.6922656697347 60.260413830183 7.0122235287275 62.8128816353863 10.9454519912656 59.1576315564862 9.77776603506864 68.0134208029548 62.5904660305082 5.30852453318926 5.17509380397676 6.07439773539207 133.682485058116 78.7545420112199 136.184689778646 59.5871296998814 62.0859547221723 62.1998477285592 63.4064579267592 61.8320079142255 63.1116921061841 29.2939125315606 29.1932314309055 29.9586920984485 69.4652131761586 12.3646231413049 66.7157336161934 12.5310212571913 8.32763406291719 57.0746704161865 58.2975845813326 9.35785320175312 62.8919730965015 20.2051539998883 21.5393076700568 61.7614079341902 65.7345047744351
13.4397182889749 8.69852346214676 5.73953108224122 5.78368452996591 62.4144907211467 62.6105131709163 21.9102180630966 59.1094579276141 62.0873497823925 58.3574592163147 57.9973034994286 60.7151902780411 22.7378694559272 8.34902973253636 7.0900175146305 9.96150337114769 7.33319819735363 6.22148283914111 57.5674908141792 60.985307155807 63.5836850283312 84.5061809463071 83.0430218031084 80.8394153409977 5.9674690274254 61.4089971516393 26.6351913089319 67.6837823020389 66.890275623665 67.6238785737957 68.3300450983006 33.045813402814 34.0396920496453 78.9914251374883 18.5929250225485 10.1767847644452 7.46677838472441 7.97965779938154 60.9230707991946 58.3061857150065 61.31178058199 62.2705301192079 27.6116475566698 22.5038756084434 24.2308113752747 62.726770599908
9.05869759503666 59.4283368851451 5.65326711301191 4.32276593665291 5.40816929560646 61.6196439966893 22.9963829183586 58.432301352377 59.7716438518308 21.8299960491473 22.1524159692893 57.9462697865708 60.0036734859132 5.20997208873323 60.9647431178623 59.9682387505007 60.7190966317985 59.463909869298 5.65488103050572 6.32271207517976 60.4902707320705 145.728208659726 83.0520607749366 79.616798875836 58.9622450631493 21.3797229436702 25.8609803695763 63.4737547447804 63.222339970031 62.9960300232639 26.6716140863717 71.6634101379007 38.9153950820748 71.0226645504799 15.6740587498203 17.4610638518178 59.5125082793216 19.9852082300832 20.3372390059968 63.6176984361812 64.3120311924696 29.8044092989302 31.2694326198107 23.2056105191583 60.7411198030541 63.4157656605504
5.80811029387331 4.2221214583995 58.8833963588821 4.30485294964657 61.0532433367042 59.1670504132062 22.8838698845809 61.2552109141166 6.97516569817202 58.960758489502 61.3862866591344 7.11632600102608 62.4884898912039 4.87189019951433 5.09539842283914 60.678659702336 58.0625203488764 57.2801999109794 59.4647264604659 60.0201203262112 65.8209590030648 101.746215974851 133.184917875929 78.7804695498696 62.0262901110269 60.0216629876696 61.6260012797353 65.1021424790261 69.3921559348206 62.1581133996598 9.35728721662124 64.51400144146 31.27860199522 11.6701850204055 75.7833965353377 10.1769384632915 10.5826743021938 61.5248768732515 62.2205417776988 14.4953078011388 30.3268590529343 26.9455877675642 66.2530400776158 62.6101304118392 61.105897692827 61.9021284056939
63.1859843644561 61.5358714446101 22.2645236093576 61.2550480607573 61.6651696964073 62.4406807405187 57.1971440501475 58.4544773695696 3.34661692590006 60.1601816021004 4.91481420994541 4.17279688962206 61.2659430927866 3.72290566406336 4.16899031253389 4.85237811970101 59.06587679742 58.1508892774464 58.6182974214674 21.15436259527 6.96276872951511 133.522681412449 93.5347241444475 131.65906108448 61.1609940923485 59.921687668235 6.19428063922758 10.2252316190189 72.6494613778655 14.737494948893 10.100866680185 9.86025380612813 63.5265677711202 65.0452936122103 28.8331778752103 66.1679632895504 6.93353941685413 13.2401915626238 18.3844908782667 10.5201728633945 63.1839454095435 26.8628200456681 31.1197911415136 64.6230133984192 63.3818032845529 8.24946292026975
67.8787410103866 57.9774050877329 60.584414851759 66.1248692851748 61.4604650312265 59.9122682701582 58.4400969711974 5.03699329104775 57.9989493088444 58.2485256946409 5.49732954992567 58.6200277689676 58.0126207291189 5.51039863222531 3.88212358541135 58.2434215481159 4.16955550165084 23.1154389576684 19.3850484401536 22.5892317696302 61.3087069219092 133.179278382519 93.8896934478606 134.562027894496 20.6056923798316 22.814264838854 7.44625639523915 5.43605802923481 27.4851000430424 62.4499056466375 6.61110911805863 9.08765525631938 62.6821435372045 15.1667958977882 8.60929140751781 7.33649997259466 8.33759302449089 12.2888478816139 12.9474814111726 60.9832626711207 64.3481647434399 68.9168830033561 64.9402079601633 68.4877050072964 64.5317448497851 66.3437712427974
6.1996598321953 62.3771500590692 23.2906956450996 27.5310718763882 59.7556912982278 3.16704099302018 57.1973404114674 59.0299458868422 58.1112463053421 56.7828884215139 60.5942779358542 56.3211310589677 2.18794065237947 5.58622349940001 7.4831401613558 61.2652470769041 20.5494964466995 21.6172347938132 22.1478752695776 61.5158525318485 61.8635971829355 79.7558896934364 94.9767199823086 135.397141223804 62.6274020292805 25.0158715293583 60.2480437197267 62.6191835708771 27.3431614750496 21.7596661951708 60.5210820281194 60.446321411622 64.5091811788179 69.1054675672625 66.6150122649467 6.96336026611929 59.9288627201132 11.3031325481204 10.6508380591132 64.7202617082518 24.9863263887836 61.4880224484272 64.9278371033892 65.6207855456375 62.8300046432194 61.0439333293229
10.1621795670618 64.5528886384603 27.2661758125023 24.0487081795469 60.0514153681942 3.80599095069942 59.6970147869187 60.7566373778948 60.3448293293201 57.8450108941016 58.6395251852073 5.17363205227192 8.47167326759209 6.52162273336774 9.57361056961684 63.2932769650108 25.8672943894845 23.2209300231406 26.0334777406242 27.855921307596 59.2782076311654 79.8123391227419 95.0055076200215 136.047562831981 65.9624271558784 22.2693129982721 22.2968558023238 58.149845123258 21.4943835531983 60.7545315004342 59.3544917092385 58.1254911484913 58.5569049627659 20.4668256383712 61.2233223789959 24.4291499856183 65.2912785911774 60.8895963124998 64.7017260214642 8.90129090473772 63.7128267968368 59.7900565196087 59.0809337473741 59.2995472459778 19.2077427484954 19.807341672603
65.6143379578691 78.1931346747177 71.2787652874042 23.8297173930234 19.6006950102928 6.55917358730348 57.5098679374605 3.99240558204574 60.547153621976 58.6615837409943 61.5459509486371 6.65454912301631 11.1329280488186 8.39849370003841 6.13581540075152 62.5011048491728 22.1664199692711 61.8541278591038 60.4644976569048 25.6958723718273 58.8103822106559 79.519413885637 82.7936794867223 134.725600139358 62.9727877999849 19.8994078369166 20.0135456376707 59.5062920733858 60.0143076264076 9.1389973747434 3.71980875786531 59.0524842290497 21.8484778879714 60.2104927403661 57.6921493395743 24.2870166395587 20.4728974630559 58.7977190335269 60.1081383858268 4.24609019970894 67.9974482413849 60.0407374561103 58.6701086579819 57.2608779065194 56.641853735289 19.4580890550462
13.3601498510912 72.6042899958205 66.2224553301343 60.0430817084927 61.4412494745932 60.9090266452042 3.35403661868096 3.95378546421159 60.239726921179 64.4606177384196 7.94812013606547 13.9961954357247 21.6893354934922 9.59761706357869 63.6875788351483 61.2580993979423 25.4441024911503 61.1607360731056 6.87560155017146 60.0724782791541 61.7256215796975 131.882422405622 80.1245922589477 83.8895663419042 14.5719770175288 64.6057149295864 30.940221567718 21.354962325069 59.4732501558792 61.07518610511 3.22713725065578 56.9453673037948 19.461256673914 20.9295862015493 21.1851100084812 60.1405980496691 24.858188133443 57.5677889017934 59.8923856557128 64.2202759503414 62.6546561671349 20.0710124681616 60.658820608066 57.5461771574558 57.313380532563 20.2232911838684
61.1177006673976 65.3553256890367 63.031480316469 60.8697612835318 64.499284678387 21.4955567802599 57.2501294611513 2.38152461575584 6.24959472433499 10.9440865949908 11.9425326473968 22.0368300165103 12.6438215354354 10.741661357853 7.30800643922313 62.7495775617166 63.8770568326215 60.8529454059173 6.81667240499629 8.08959398720474 5.6220054699426 97.4035554732671 137.614407905705 104.536405193922 65.7762037120873 62.3418720355824 18.7411022408814 60.3752920442091 18.5687435572806 58.4765307960123 57.7363501343612 56.9831828154599 57.4547950812515 20.6909725529925 23.4493804084718 60.6319317448375 21.4891349255013 62.1252472426115 4.37406107032207 7.84571453678216 5.02254798897203 58.1389255294164 21.3087559604698 23.1831367661402 58.1169249587443 59.879373189175
59.5643002020675 64.0806807189167 65.8292707910108 60.763580083806 60.0715948304488 5.17141642102914 3.47339537797428 2.91970004630285 4.51382000663841 9.20256250833865 14.8327279662788 15.1189941037956 16.8406923455273 14.6283328744114 9.22024550927128 12.36872819317 63.0225795638365 5.13625542215175 62.591534536166 59.5467053222284 15.2855727247662 97.2398080387637 94.4401188546918 137.924253685081 61.5574910569857 64.6288105819417 60.9618252184209 59.3345172345538 57.6812507784767 20.7084673007042 57.7821915692153 58.1719714121576 24.3122834951957 61.0034513549923 62.256547658263 60.6803325394267 22.0928585187107 23.9396554264791 61.8591813122772 8.12636110993695 7.03615205094134 61.950711985114 62.2923730378798 62.7413623283748 64.0083707794716 59.6833688588364
64.0809981056529 65.2467202504162 65.6340790786661 65.853418584226 63.5335457846406 24.1765431336908 5.84166623749218 7.77225619957702 9.08162353569405 9.81659216868661 9.40093041793432 15.9903405270588 75.0991093277212 11.14205751623 23.1118635695556 63.122787975702 13.0092109859512 8.69753393779489 6.99549697343065 63.9514841644395 65.2364687513203 98.4791135472285 134.168645884978 94.1065806805462 20.4390068087789 9.73307521178504 59.2147683355585 8.20535771908834 57.9725243271869 63.9160080040636 62.3771915967558 30.1004031568389 68.8420707212626 33.7503319379588 65.095130622643 64.389667757781 59.8244966855894 27.6746411472555 71.5590737969435 6.79501864950577 8.10069732802017 13.5340597053751 63.2686776646265 60.4936374339819 65.1604845159042 60.1492531027047
62.7672365581417 62.3651345561259 25.8830335624546 66.2301484386162 24.7344603688905 23.264132398742 57.3601553660565 8.26016401730328 10.2272691941198 10.4475291419776 11.0009569236987 73.6264947107617 67.4269431617449 62.6588603009324 58.6840301080762 5.51192036260965 9.75358232819112 11.0161299607546 9.6861916683049 59.3651954419524 5.51861045972707 133.445223500033 133.289324045914 135.869717729625 57.1351587921609 22.6395707196415 20.5752083071025 63.7674641717374 60.7080469353947 20.3513357398109 26.3205307279877 29.8878321695811 64.0017542179523 65.1991096963943 28.8965734279885 64.1284365639304 62.6649900932815 25.5667770306628 60.3604163335051 7.62060570912084 10.9432673673965 13.2013403700695 69.459906617933 63.7707190545286 22.0689315964187 63.1026280554683
64.2355338322181 24.9210006494223 22.4627309933564 31.7820367691218 62.6872285796911 58.5151419773578 3.60279260745101 8.3802547291926 10.7198363987037 67.5360125434185 66.8746593330858 66.9467430264225 66.053634285928 63.4718315841423 27.3154934813102 23.5827184400444 64.7361714638564 12.5491992461412 7.21044087476371 6.3423683273456 4.76286686783272 81.5122232693608 81.4928761347069 78.677756009739 6.22682920105397 5.26301725401734 60.8696632334134 61.372793826356 61.7739721221799 25.1519702647155 24.5635276035678 62.6074340079963 24.7648814276751 62.7982691247081 60.7593843818796 60.7916897730266 20.6609299596 5.42405428627035 5.34006167578683 6.5628224074055 9.79268906698508 9.41584936771689 6.33798738792496 60.0847368922564 20.6912135143351 20.102436242219
61.5230149733999 25.7561844248502 22.9966418864775 62.7597065257919 60.2046146737512 58.4843183173993 6.45620446195405 59.6736831884525 22.3593753773513 64.6909360196457 66.3254689211168 20.5271485833749 24.8591823348631 7.01289101117935 23.2405749288317 63.2664013443559 11.3789940209201 12.4317232598211 6.44415193943656 6.75948150357771 62.4253974151959 82.2821417281674 80.3828399046278 80.6301226296228 7.03823770490893 64.4331446803276 62.5479339807302 61.6115096987971 64.1279590140404 4.41759192674918 23.1354582074086 26.9928802118783 60.0756217849374 61.8308963224501 27.8069068631478 62.8952208998737 21.6804252953123 59.429992296626 4.72506391644113 6.04446819682947 64.3824600301306 8.4148813613972 62.5137207691881 59.6333837000242 20.767870132049 19.8026968825042
22.8254504127226 64.6563767687832 23.3544479257741 27.9355408055174 64.6194933692356 60.9829918991015 59.1222320647262 24.5135169353077 27.0533549663118 27.2489244956843 63.3689546628773 4.5342929768121 62.0906324215854 8.4312254658498 60.7285416388278 65.6258086750929 7.68035690799281 5.3831054495407 5.53934228171669 3.45533219924163 5.90811614578829 78.3199097764285 76.9144781729106 79.4300681253103 9.36042207036429 63.8509138690292 27.7046049798876 60.6161373656808 14.790143067799 61.4818831317455 24.3187447395326 61.7605589280246 60.7862416498252 6.84326672858528 7.1475814267643 64.3094333758261 6.27194783179899 59.7245041914178 60.7417778330917 62.6519192527783 11.3927508995127 4.98216544949958 59.6743362919014 60.8608159807759 59.7375278687464 20.3923474059318
62.559305609367 26.6794271729652 65.0845022084368 30.7374367236914 10.2350918872727 62.0168083536349 60.9586695214187 20.7418142383583 60.9322573259497 61.8148658237823 60.1304063573851 3.86642726979862 7.60939578640326 65.2768751366087 59.4789569358455 64.2721348785328 62.3771224903901 5.81065937061328 6.85887564830419 2.09373593349786 3.59372647925775 79.2132412337452 76.6837399761753 80.7405012705777 9.93733445216655 69.5223669298834 65.538904166914 64.0147015869291 62.9037574031711 63.2665028365015 22.3149856742143 5.47449228483267 6.62857348456953 8.68008460261377 77.4609344581029 66.9049264566274 58.5974552480342 59.3650909190848 8.65104044714509 10.191988010862 14.5745404836742 16.1556983917023 6.28640804736443 6.48796500765337 19.1115844206712 60.1996760604572
