GA/Results/Results/categorical.continuous.feature.asc
NCOLS 50 
NROWS 50 
XLLCORNER 0 
YLLCORNER 0 
CELLSIZE 0.5 
NODATA_value -9999 
[rows 20 to 39 of 50, columns 0 to 45 of 50]
60.5839388821973 62.8901100800684 21.4187444955069 25.8186267810738 23.2214477705209 63.9716723826727 60.5055673977444 58.7327673761302 61.8476070430267 6.23945037096425 8.44920079266088 2.01960057092201 59.8370690548601 24.4464806451198 23.1649366047059 62.5416541036247 59.3593339516073 9.08386905769309 7.54187499441821 5.85377066823247 6.83307775486093 76.4049547977242 130.493592483003 135.378019689832 64.019904893072 63.2864706859736 7.96775824525834 7.10452931449722 4.76830299356285 5.30368394635959 61.5916452550157 63.0621326567677 60.1587295706822 64.9570617429141 75.3237058379668 67.3430230935255 59.8892979389144 63.587319245228 8.10449736163926 63.2000078041462 11.987609453534 11.8787200359009 5.33339057760278 2.92175739650982 56.7051361651481 57.9783376127442
24.7083556757276 23.7022798115125 23.5179590397082 59.6992368111827 21.4567849832468 58.2927423279632 5.17601243847005 24.2127972642011 60.4643177177489 6.87743793709492 7.82827201551175 7.91317386034373 62.3286197558951 20.1037526743019 21.4148571859593 28.9348580203201 61.1931883115938 63.2028020465664 61.9314504999876 5.0217921265389 61.332280917128 93.6410988306048 132.316166247698 133.789209552101 23.1755211566891 70.6508239723753 65.1046917631721 8.83498241981749 4.5184752972783 71.2979263984018 64.0792843486025 23.1215633323093 60.6279618664225 59.8016046437548 62.2638329780142 61.3282104622295 67.6600259925545 69.9943110782861 75.0107692356515 68.4843350251167 14.0534670420557 6.76133623721561 4.73560584277466 4.14129791876008 3.28492658374156 6.24378948362309
25.1248928079282 26.7649056007157 33.0748014158392 63.2793130257193 23.5695148031795 60.1546871717862 59.3521966826091 62.2204240504717 24.5683048678886 59.9329285770377 4.62340293643245 3.83296667057089 61.8647950340101 58.6111809169901 22.4775551254456 23.1414482841975 20.851928219244 59.6265080287136 63.4105150660947 61.1900967469589 62.5283524596425 135.739828000357 78.5437064538515 135.044558866738 66.921970662453 13.3912320134163 15.2808067411301 63.7904269076041 61.903825312812 61.0048795029895 6.65069951279856 19.49421695516 20.8074799717475 59.7628851620613 2.86499850397092 19.1142407250495 64.6099136255574 63.327001811499 65.8652024777182 65.7967819729366 67.9002624816488 10.9566004176104 8.80183838961132 5.01400375157758 2.55661858782271 5.59070844404316
21.5528808805863 22.8621705731778 64.0422381452347 60.786869650777 22.3783513881186 21.5170032278116 21.8589228192676 74.0950514033976 60.9188658126644 21.6157725439751 5.08875439989314 58.6929056118295 60.5118391777639 62.1749223410911 60.5146123996365 63.2828710271929 61.8133218201834 60.3639349590367 62.8281013088675 64.3417584793879 24.9481995347826 139.292297510297 130.249260587686 133.544353137085 69.3703465888495 69.5048700852393 65.3553967282139 66.1207050181904 61.6446767032796 59.2625439189719 2.74036316020758 59.0980853766847 20.0279370387924 58.2194652463253 56.1004278374367 57.9180409825009 21.9789645368244 19.3692319335321 58.3102729571373 62.2307381904261 63.0996360946793 68.4970252517026 8.02557199850267 3.21402052115452 2.92711538891858 5.45552554315756
19.5462794160978 21.3887423527545 60.8753892538582 64.34758092848 22.4180383467262 19.489816582557 64.6334875250986 66.2707456495604 64.4652917551987 21.6052019329076 58.2861016248052 60.8953411237526 59.3883778085738 60.900982456477 5.7578982318801 6.76940815227908 69.4770207930532 68.4829590086806 68.2595486720673 13.8337877525504 66.8158700418232 132.955231530799 91.7730251540754 93.8207298224603 21.8493199113183 26.0439056530264 68.259609373904 58.5915958897468 6.25091887147057 59.3501427585845 59.6085299437631 57.8558535731854 19.9209967748079 57.0674150957039 19.4454397088135 57.4504311966366 61.1936964526569 57.5251346021781 19.7619283995001 62.5257804187415 61.6907160566168 65.9772612024782 63.6786712628345 4.12514780851756 2.77041304587398 3.06020320787654
18.788013545317 18.4475119272705 58.3728636554767 60.2977456227716 60.6402395484144 24.846843867562 21.3944860917312 26.173703194825 27.1284770295485 63.227929683533 58.823411980771 7.18802149114911 59.4014364964127 21.6164154889659 58.8442197930432 61.5871380269645 13.9754568732411 15.2065326949566 12.1285299576754 7.07549544707927 64.1779432292926 143.515805799752 134.553128811158 133.113349422689 21.4928080815096 25.3488032279913 63.0466155098279 7.31880723082267 9.43652921466099 4.34711438013661 57.1889497753086 18.0642151117809 17.2507510064737 18.7747828553314 56.3896730763434 56.9786830360231 59.3092867429128 59.4869475673266 19.465157968115 18.7632435274828 59.8102950905588 21.8240108216909 61.4705160538776 3.27009047262416 55.1774505253724 56.4491189538272
93.2945446412168 92.7689537854053 132.416252903247 132.091829926693 133.450528050578 95.6687667666215 95.3893237451756 95.0562402984935 98.4499313131085 134.449486340642 134.468385665721 133.268201822634 134.515007940563 94.7270073073128 133.62414162598 138.880061697701 101.447521098009 142.520631703684 136.493032402031 78.403792385505 77.8593070566123 101.403530365636 98.7953338349935 93.7576152632224 95.9676690651897 96.061353633344 137.576088953407 135.977062974572 135.488202918256 98.6213305380353 92.9985143379911 130.483374762183 91.926525279417 89.8222807330469 90.6920467956549 131.195955634788 76.4185805598587 134.056154983117 131.936056849732 91.07450185245 91.0237009749367 92.1689994474024 135.93930347268 131.970942359599 131.425234598322 130.255150857022
18.0598710394745 17.3989342914373 19.8382499656402 59.5790125659224 21.8524674142432 20.9656977942748 21.7954280222635 23.1596746612886 23.8343167018139 23.9058524888602 58.8736007047263 62.7393732019246 60.7104695647324 59.036027791692 64.2925078324146 60.1609500846763 9.53656599925698 25.9724762856497 22.2299040892105 3.62220949157261 24.2061617101542 98.1720651986892 96.9406626690938 94.9375763205826 19.7568819525139 20.2686139477749 6.23966453584102 4.98815594798075 64.862165588404 24.1567107699606 59.8021233121338 23.8168115585762 18.6608971220197 18.8926545653153 19.5700454999366 56.9361643199785 3.82433194414484 4.24893602282301 3.441073734831 18.3396176537368 58.6283559309452 62.4111111705645 59.9754628512942 19.236792988641 20.9784597862564 59.0522628398298
60.5599341246365 59.7724900107803 19.311106677947 21.516760530892 20.3603912002945 30.0702020341187 25.1181397554772 25.7370507916742 26.7493941769597 60.0464583343764 25.5602787012827 66.4383581310785 65.1637651528177 59.0486864225254 62.8020589505795 59.6690458678842 63.3163767188253 62.9907094000801 21.3720125065042 60.4052370727749 60.6040734515879 98.2875387604531 98.0518918967879 95.1963416973868 17.4834561475506 23.2299607936349 61.5260628242165 21.7536511970105 63.568610523948 68.3440771829492 59.753672029594 59.8065877239753 18.9426209468555 23.5001948990193 21.7384465798561 60.9657721857151 60.8076376343922 61.440315851313 57.6432226416032 57.1876507085769 22.0277045390142 21.2393453901794 60.8024794051396 20.2100910446151 22.9549759956059 60.3994665358388
59.1771096235023 24.1855982934222 19.4094453969015 21.0019873946378 22.2364801956362 23.7101006150844 23.8090335168298 20.4551225000778 59.8714945708783 69.0888479884546 66.4273301381059 64.9885965604123 64.9661216333381 7.37348832777672 22.6072104104292 18.6564320963779 61.0790087380886 66.6062517694869 63.9067825334032 63.8360353125 23.2609479921147 133.026995193343 96.5578600884659 96.9356078422916 21.1501371352215 22.4177481910501 24.1362400284745 26.647080513179 25.7655265724142 69.4488964747193 63.2906563807947 26.2436362040071 23.8264459751171 63.6153480649106 64.509938193789 60.1447892735821 23.1824213128481 64.7457333455903 20.9026034218522 19.2459350418834 19.813446244752 59.0124951010651 4.62120726222974 23.0246724845753 24.6041872361247 61.3989372027348
61.6199912796891 27.3825594817954 20.3730388021073 20.0468424408317 27.3225699258996 23.6373669000406 23.5640016251814 21.9558571429005 62.6451832219678 61.55694103437 62.6784858987349 61.6784031406334 61.8800970136839 60.3764907162523 59.291108239791 20.0729420454137 23.427631237314 62.2096507415193 67.0086319279076 64.3364647236017 64.0495401129861 131.559832984608 96.7879607672013 97.1851415425951 27.5783630239772 22.9577753642864 23.1313014925991 20.6665066281824 23.3671953957324 26.4574577574291 64.8269608189828 69.1935018727853 68.9727600491598 64.5891386377534 62.4756337321231 23.469441339791 64.3911313821176 21.8369241806973 20.4198897009408 58.5603043375988 56.8370428351029 58.4322585829585 59.6418663073748 24.2015932047797 20.7392571284215 21.858004585609
59.016741902087 20.3128608566478 19.2543180081002 18.9207204863675 22.9135212818739 25.9455791150522 19.4891201390439 19.6393450837494 20.4453169902057 60.7511061503477 22.3749777994337 62.4362432611596 64.7081861398815 59.431484083361 19.3365624578665 17.6689398575683 23.2480720239989 66.2423544592763 69.3674501101504 23.5665250704838 59.5827640947485 96.0518421339688 98.1862788459083 94.8637245731157 25.9756249465685 23.2798756514834 60.6422582876184 57.9560573719468 64.2815666058648 25.7951740497427 69.9813939829928 78.2799229349159 30.8680588756656 35.3485603175392 24.0869891319458 20.4507059606797 23.246212064822 25.0092959486545 20.2543993114705 61.8600749587138 4.86905805758599 57.2870195483938 58.9744515974909 23.8856916198954 59.6438241532102 19.7146191597326
59.1044278650472 22.9846870209559 22.7723203218217 19.391632754147 23.4107842845005 21.8801492298196 20.988194705142 18.1255827982311 20.6461004349247 22.726984770071 23.2733369117797 58.6148561803707 64.4168426954217 23.4011352217926 22.3760746561315 20.7945015510692 62.7905426156664 63.0540796276109 66.2348790197868 61.6082811499613 63.0776530992959 97.2050468027277 94.7862736031248 95.0395090651163 25.3755803473912 25.311544729734 59.5907940985396 5.55575699049218 60.3873063128234 63.6478353273138 7.90404396197546 66.4283841392078 32.4832326659971 24.4581410228823 25.4145888231193 64.461927693812 61.2749495860583 61.7311978587187 20.9945143600224 60.6222108842044 19.4807602959282 58.5198731148785 20.861166284328 66.1876264915483 21.318037904216 21.2024858669208
59.5377365317748 21.5915102979032 22.0526996710471 18.3517204657195 19.3688389388246 19.7854814147301 20.9425937240721 19.1429175587697 20.7126465128302 19.4104038107597 20.7728127475679 59.5744299844533 21.4523894545883 23.514746268079 23.081984150302 59.7053620682894 63.0276607999337 63.557286684591 63.4793773536935 61.6660624380404 60.0989113592697 92.816550364352 134.399021026974 96.5851211365097 24.9838828915481 58.3605370968449 7.05710737363204 62.9040670842664 60.5835098444762 60.7090476535356 58.3787600454014 27.3195704321155 26.4287171993875 24.5761393669159 62.5299749394278 59.1224059137432 26.1327754662196 62.2160434500545 23.3488047843942 59.1612054174113 58.4748477564224 19.3685916953571 20.0271622845429 62.4178517308005 25.7843644015082 21.1259128418501
11.9253569870275 63.7504274074818 58.4992377031903 18.9052424977943 21.1373134236344 20.7371003442968 19.2851491916877 20.9149952856484 20.973602572852 20.5607219033044 20.5440899052016 19.7865700837421 59.0462236058489 21.8599161786015 24.7253997222484 60.6299396985892 9.13188963741462 61.6635744410429 59.915769854487 59.7262629370481 61.5312928427399 79.0124660674185 93.3774001527638 134.712812494575 21.5955210124162 56.6748238418037 60.4019962497672 61.4479580194523 7.74407910363106 21.5697372656118 59.9881679832186 61.2216577511171 22.6654041434656 20.0914610077789 20.4398164249684 19.9605248689215 23.4575466974346 27.347408476848 23.1734266943385 21.5239734795843 22.6540693455303 59.8436655656784 20.57009989051 20.4701045144251 21.3177709154649 22.580214809944
5.93524144948048 60.683116401704 64.0340179844603 19.7497100399377 19.5475619358404 21.6559551488317 24.2490809280407 21.4122337134932 19.0986783340189 18.5207714971358 58.3494500657528 57.5062451148832 4.16378609331828 62.2396375380425 24.6376640836505 62.2811887251032 59.2657232471395 61.9189544883439 58.570871165161 8.33272806344432 61.0142849372356 135.891701520481 132.739630734034 131.208850692662 21.2081708770917 56.991961158613 57.4075812452403 62.6337160337068 26.3889476547004 60.5329891597228 25.4906633395146 23.2402272750387 20.853303023391 20.6520161692831 21.276788504799 24.444196304886 20.5226819092303 20.9056456359267 23.0880101132587 23.7083004320041 3.11349957031836 60.1169285453306 61.4531596502443 59.1273436154839 21.3170702962704 59.8391322855091
6.55774810591081 59.4083958629801 9.81832818116311 22.5878795017336 22.5348767637308 25.4613134785444 22.3355242821105 21.9301816780914 18.6763592129823 56.6590696028981 18.5813484862456 5.07185447971278 3.7367099863269 60.2790076276438 60.5568019081671 57.3184584849135 59.3266250844506 61.8652312603714 24.1486828647799 69.6772012461903 8.77441616414221 98.3645078297014 132.047769630026 93.79749955898 19.158144515431 24.0775042359801 57.4681734299775 22.1198460167841 64.4532615300947 62.9497504196086 67.6694348474139 22.7205629773441 56.7419455390544 61.2569245751502 64.3127167530437 65.4195235169204 60.0609954903422 20.1457003005862 60.6482309197605 64.1885346885342 5.80309271287346 59.723989483087 65.4074130912311 65.4706551736714 8.72230056793018 58.5773823431398
59.4465562620626 62.1128067095314 8.48766549513659 7.10035978657269 62.4856160542361 66.8336384880331 22.3801187277215 63.1855545372549 60.6288530837453 3.0275563811983 2.39356447025167 6.30088990205578 4.81993449156751 63.7358976199101 59.6414072711112 57.7391007719519 4.04390752733276 62.3214326649916 62.785285484111 10.3814033199508 61.2727969694441 133.563143426582 130.475808515102 133.993941353656 62.210057485193 61.487310814254 61.1807993022044 61.8489623825129 62.3976889596201 63.0217445760439 25.6484970760082 59.5083744097683 66.1787083282956 62.1023561605864 61.0164587691183 61.4968597878803 63.6160146801656 21.830901445224 59.0629118262582 62.2413156288984 61.3263295577887 63.7748260514383 63.9138671750493 61.9116533728255 61.6959808137071 57.1669202253103
57.7398917425121 57.0272735762699 8.81864291797117 5.75166440391845 5.87812487027533 9.11568688744846 62.2976093544676 25.1588390872874 64.0666186139413 57.9461556181173 3.28882980269478 4.938663833147 60.4212851391708 21.8532999458513 23.4379683163707 58.364060528901 58.8731249405443 60.8254046101268 7.66126456438713 5.03631359577634 60.0861842881862 83.4035250823527 135.567690626459 137.453371669752 62.5310753609839 62.4781871537854 65.8168588228107 65.183311228661 63.5530120489376 25.1835049723703 24.7824788155718 61.3491608737603 57.1524954148337 60.3645724584197 60.0862718561501 22.220883761723 61.1199398552637 22.0482364475387 57.8375614541165 57.6686125528835 58.8743010590708 63.5882538274608 63.1301860318216 64.0108119477468 62.6882651671452 61.1365426798013
57.8588575341016 5.91953749710275 8.58514543871118 8.75538282336156 13.618809884864 8.86440614282394 7.882473047777 66.5545321702366 18.7904717502472 61.0828333730569 62.5744378477489 59.9767181505994 61.2509392461213 59.1985725908921 62.0506088656818 56.8472709096871 21.3610475862919 59.281522843784 61.6599774236316 61.6063224133922 6.02746179082259 81.9303752526915 84.0892965986783 85.3246080197065 8.67812233241929 69.831790850969 66.418683611279 29.1796237773677 29.3738623815669 25.4445297726028 26.0410275020504 66.2861714395789 28.3311254684975 14.9868269686975 64.4164301151126 22.9740986473415 23.5144822661861 21.1014709988812 19.7825385614724 58.8784365131314 5.86048464301025 7.12978037704297 59.9395966321412 58.0464967473059 60.8315365710752 66.12224569863
